2.100000000000000000e+02 2.340000000000000000e+02 2.519583333333333428e+02
2.220000000000000000e+02 2.460000000000000000e+02 2.540000000000000000e+02
2.220000000000000000e+02 2.580000000000000000e+02 2.540000000000000000e+02
2.220000000000000000e+02 2.700000000000000000e+02 2.540000000000000000e+02
2.220000000000000000e+02 2.820000000000000000e+02 2.540902777777777715e+02
2.220000000000000000e+02 2.940000000000000000e+02 2.540000000000000000e+02
2.220000000000000000e+02 3.060000000000000000e+02 2.540000000000000000e+02
2.220000000000000000e+02 3.180000000000000000e+02 2.540000000000000000e+02
2.220000000000000000e+02 3.300000000000000000e+02 2.540000000000000000e+02
2.340000000000000000e+02 2.460000000000000000e+02 2.519583333333333428e+02
2.340000000000000000e+02 2.580000000000000000e+02 2.541111111111111143e+02
2.340000000000000000e+02 2.700000000000000000e+02 2.544791666666666572e+02
2.340000000000000000e+02 2.820000000000000000e+02 2.543541666666666572e+02
2.340000000000000000e+02 2.940000000000000000e+02 2.541319444444444571e+02
2.340000000000000000e+02 3.060000000000000000e+02 2.540000000000000000e+02
2.340000000000000000e+02 3.180000000000000000e+02 2.540000000000000000e+02
2.460000000000000000e+02 2.580000000000000000e+02 2.468750000000000000e+02
2.460000000000000000e+02 2.700000000000000000e+02 2.542291666666666572e+02
2.460000000000000000e+02 2.820000000000000000e+02 2.541180555555555429e+02
2.460000000000000000e+02 2.940000000000000000e+02 2.540069444444444571e+02
2.460000000000000000e+02 3.060000000000000000e+02 2.540000000000000000e+02
2.580000000000000000e+02 2.940000000000000000e+02 2.540000000000000000e+02
2.700000000000000000e+02 2.940000000000000000e+02 2.540000000000000000e+02
2.700000000000000000e+02 3.060000000000000000e+02 2.540000000000000000e+02
2.700000000000000000e+02 3.180000000000000000e+02 2.540000000000000000e+02
2.700000000000000000e+02 3.300000000000000000e+02 2.540000000000000000e+02
2.700000000000000000e+02 3.420000000000000000e+02 2.540000000000000000e+02
2.820000000000000000e+02 2.940000000000000000e+02 2.540000000000000000e+02
2.820000000000000000e+02 3.300000000000000000e+02 2.451805555555555429e+02
2.820000000000000000e+02 3.420000000000000000e+02 2.540000000000000000e+02
2.940000000000000000e+02 2.940000000000000000e+02 2.540000000000000000e+02
2.940000000000000000e+02 3.060000000000000000e+02 2.540000000000000000e+02
2.940000000000000000e+02 3.180000000000000000e+02 2.540000000000000000e+02
2.940000000000000000e+02 3.300000000000000000e+02 2.540000000000000000e+02
2.940000000000000000e+02 3.420000000000000000e+02 2.540000000000000000e+02
3.060000000000000000e+02 2.940000000000000000e+02 2.540000000000000000e+02
3.180000000000000000e+02 2.940000000000000000e+02 2.540000000000000000e+02
