2.380000000000000000e+02 2.290000000000000000e+02 2.542839506172839492e+02
2.380000000000000000e+02 2.380000000000000000e+02 2.549753086419753174e+02
2.380000000000000000e+02 2.470000000000000000e+02 2.550000000000000000e+02
2.380000000000000000e+02 2.560000000000000000e+02 2.546543209876543301e+02
2.380000000000000000e+02 2.650000000000000000e+02 2.546543209876543301e+02
2.470000000000000000e+02 2.200000000000000000e+02 2.546790123456790127e+02
2.470000000000000000e+02 2.290000000000000000e+02 2.531481481481481524e+02
2.470000000000000000e+02 2.560000000000000000e+02 2.545308641975308603e+02
2.470000000000000000e+02 2.650000000000000000e+02 2.532469135802469111e+02
2.470000000000000000e+02 2.740000000000000000e+02 2.479506172839506064e+02
2.560000000000000000e+02 2.290000000000000000e+02 2.539382716049382793e+02
2.560000000000000000e+02 2.380000000000000000e+02 2.358148148148148096e+02
2.560000000000000000e+02 2.560000000000000000e+02 2.539382716049382793e+02
2.560000000000000000e+02 2.650000000000000000e+02 2.533703703703703809e+02
2.560000000000000000e+02 2.740000000000000000e+02 2.546049382716049365e+02
2.650000000000000000e+02 2.290000000000000000e+02 2.544567901234567842e+02
2.650000000000000000e+02 2.380000000000000000e+02 2.530987654320987588e+02
2.650000000000000000e+02 2.470000000000000000e+02 2.533950617283950635e+02
2.650000000000000000e+02 2.560000000000000000e+02 2.533456790123456699e+02
2.740000000000000000e+02 2.200000000000000000e+02 2.549753086419753174e+02
2.740000000000000000e+02 2.290000000000000000e+02 2.536419753086419746e+02
2.740000000000000000e+02 2.380000000000000000e+02 2.531481481481481524e+02
2.740000000000000000e+02 2.470000000000000000e+02 2.531728395061728349e+02
2.740000000000000000e+02 2.560000000000000000e+02 2.530493827160493936e+02
2.740000000000000000e+02 2.650000000000000000e+02 2.541604938271605079e+02
2.740000000000000000e+02 2.740000000000000000e+02 2.550000000000000000e+02
2.830000000000000000e+02 2.200000000000000000e+02 2.548518518518518476e+02
2.830000000000000000e+02 2.290000000000000000e+02 2.539382716049382793e+02
2.830000000000000000e+02 2.560000000000000000e+02 2.536913580246913682e+02
2.830000000000000000e+02 2.650000000000000000e+02 2.533950617283950635e+02
2.920000000000000000e+02 2.560000000000000000e+02 2.543333333333333428e+02
2.920000000000000000e+02 2.650000000000000000e+02 2.532962962962963047e+02
3.010000000000000000e+02 2.290000000000000000e+02 2.547777777777777715e+02
3.010000000000000000e+02 2.560000000000000000e+02 2.536172839506172920e+02
3.010000000000000000e+02 2.650000000000000000e+02 2.540123456790123555e+02
3.100000000000000000e+02 2.200000000000000000e+02 2.548024691358024825e+02
3.100000000000000000e+02 2.290000000000000000e+02 2.538888888888888857e+02
3.100000000000000000e+02 2.380000000000000000e+02 2.542839506172839492e+02
3.100000000000000000e+02 2.470000000000000000e+02 2.543333333333333428e+02
3.100000000000000000e+02 2.560000000000000000e+02 2.546296296296296191e+02
